Random numbers 1
0.488380 0.729036 0.202616 0.216276 0.976335 0.593236 0.304404 0.967703 0.895970 0.190025 0.001799 0.711764 0.867727
0.118308 0.039023 0.598195 0.604314 0.516432 0.007507 0.688933 0.946020 0.873536 0.113276 0.354569 0.241937 0.560333
0.612727 0.300809 0.798142 0.795642 0.781092 0.351098 0.054297 0.708705 0.992928 0.162476 0.113566 0.912875 0.481657
0.851806 0.809914 0.186760 0.247200 0.054189 0.608961 0.777232 0.511064 0.027750 0.990385 0.500940 0.331997 0.173883
0.625636 0.575135 0.750985 0.153519 0.356787 0.143951 0.850608 0.337870 0.275196 0.006011 0.801912 0.497408 0.537843
0.870913 0.722844 0.668086 0.178828 0.550495 0.959875 0.596022 0.808571 0.984532 0.885924 0.213837 0.034630 0.451124
0.013795 0.473711 0.951197 0.248952 0.386423 0.431433 0.830886 0.824647 0.452999 0.380560 0.925869 0.740844 0.737633
0.946916 0.510100 0.791879 0.452174 0.849199 0.390431 0.738377 0.976439 0.523299 0.429915 0.207158 0.323401 0.110870
0.375210 0.329904 0.342105 0.817119 0.531685 0.521122 0.774310 0.120263 0.625450 0.346649 0.334619 0.574617 0.863938
0.198563 0.672451 0.901831 0.199157 0.298284 0.496520 0.889904 0.501415 0.276995 0.533958 0.574250 0.412804 0.014764
Random numbers 2
0.702765 0.506747 0.381266 0.064932 0.358580 0.234251 0.203504
0.813780 0.393435 0.053575 0.375052 0.774994 0.165298 0.912219
0.319206 0.329780 0.204236 0.767215 0.069973 0.950034 0.158210
0.286446 0.687129 0.141150 0.512087 0.721327 0.928845 0.732104
0.749848 0.407320 0.239492 0.520850 0.219077 0.842388 0.662933
0.816235 0.793878 0.469105 0.309525 0.687579 0.986852 0.769934
0.829581 0.706085 0.595336 0.752874 0.496722 0.865133 0.068028
0.968546 0.098756 0.546977 0.402970 0.107040 0.724166 0.613682
0.782968 0.566621 0.811319 0.576776 0.944029 0.871452 0.507602
